MutationType	5_fluorouracil_ffda548e8516	cisplatin_36ad62a111fd	cyclophosphamide_52dbaf7d9a27	doxorubicin_cd802a9d7c6c	etoposide_be678b797554	gemcitabine_5e70668d2006	hydroxyurea_22972f230584	no_treatment_e06c9c4a839e	paclitaxel_fca670aa0573
A[C>A]A	0.02	0.00656814449917898	0.00657030223390276	0.0227272727272727	0.0175438596491228	0.0175438596491228	0.0225225225225225	0.0106382978723404	0
A[C>A]C	0.00666666666666667	0.0927750410509031	0.00525624178712221	0.0151515151515152	0.00701754385964912	0.0175438596491228	0.0045045045045045	0	0.0072463768115942
A[C>A]G	0.00666666666666667	0.000410509031198686	0	0	0.00350877192982456	0	0	0.00531914893617021	0
A[C>A]T	0.00666666666666667	0.0254515599343186	0.0131406044678055	0.0151515151515152	0.0105263157894737	0.00584795321637427	0.0045045045045045	0.0265957446808511	0
A[C>G]A	0.0266666666666667	0.00369458128078818	0.00394218134034166	0.0303030303030303	0.0245614035087719	0.0409356725146199	0.00900900900900901	0.0159574468085106	0
A[C>G]C	0.00666666666666667	0.00246305418719212	0.00131406044678055	0.0151515151515152	0	0.00584795321637427	0.00900900900900901	0.0106382978723404	0.0072463768115942
A[C>G]G	0	0	0	0	0.00350877192982456	0	0	0	0
A[C>G]T	0.0133333333333333	0.00451559934318555	0.00394218134034166	0.00757575757575758	0.0105263157894737	0.0175438596491228	0.00900900900900901	0.0106382978723404	0.0144927536231884
A[C>T]A	0.00666666666666667	0.00328407224958949	0.0157687253613666	0.00757575757575758	0.0105263157894737	0.0233918128654971	0.0225225225225225	0.0319148936170213	0.0144927536231884
A[C>T]C	0.00666666666666667	0.00574712643678161	0.0236530880420499	0.00757575757575758	0.0175438596491228	0	0.00900900900900901	0.00531914893617021	0.0144927536231884
A[C>T]G	0.0266666666666667	0.00164203612479475	0.00525624178712221	0.00757575757575758	0.0385964912280702	0.0175438596491228	0.0315315315315315	0.0372340425531915	0.0507246376811594
A[C>T]T	0.0266666666666667	0.00246305418719212	0.0210249671484888	0.00757575757575758	0.0105263157894737	0.0116959064327485	0.0045045045045045	0.0159574468085106	0
A[T>A]A	0.00666666666666667	0.00574712643678161	0.0105124835742444	0.00757575757575758	0.00701754385964912	0	0.0135135135135135	0.00531914893617021	0
A[T>A]C	0.0133333333333333	0.0422824302134647	0.00919842312746386	0.00757575757575758	0.00701754385964912	0	0.0225225225225225	0.00531914893617021	0.0144927536231884
A[T>A]G	0.00666666666666667	0.00410509031198686	0.0157687253613666	0.00757575757575758	0	0.00584795321637427	0	0	0.0144927536231884
A[T>A]T	0.00666666666666667	0.00369458128078818	0.0275952693823916	0	0.00350877192982456	0.00584795321637427	0.0135135135135135	0.0106382978723404	0.0289855072463768
A[T>C]A	0.0133333333333333	0.0028735632183908	0.00394218134034166	0.00757575757575758	0.0140350877192982	0.0175438596491228	0.027027027027027	0.0265957446808511	0.036231884057971
A[T>C]C	0.02	0.00451559934318555	0.00788436268068331	0.0151515151515152	0.0175438596491228	0.0116959064327485	0.0225225225225225	0	0.0144927536231884
A[T>C]G	0.02	0.00123152709359606	0.0105124835742444	0.0227272727272727	0.0210526315789474	0.0292397660818713	0.0315315315315315	0.0106382978723404	0.036231884057971
A[T>C]T	0.0266666666666667	0.00246305418719212	0.0105124835742444	0.0151515151515152	0.0421052631578947	0.0350877192982456	0.018018018018018	0.0159574468085106	0.0072463768115942
A[T>G]A	0.0133333333333333	0.00205254515599343	0.0026281208935611	0.00757575757575758	0	0.00584795321637427	0.0045045045045045	0.0159574468085106	0
A[T>G]C	0	0.00123152709359606	0.00394218134034166	0.00757575757575758	0	0.00584795321637427	0.0045045045045045	0.0106382978723404	0.0072463768115942
A[T>G]G	0	0.00574712643678161	0.00394218134034166	0.0227272727272727	0.00350877192982456	0.00584795321637427	0.0045045045045045	0.00531914893617021	0
A[T>G]T	0.00666666666666667	0.000821018062397373	0.00394218134034166	0.00757575757575758	0.0105263157894737	0.0233918128654971	0.00900900900900901	0.0106382978723404	0
C[C>A]A	0.02	0.0201149425287356	0.00394218134034166	0.0151515151515152	0.0140350877192982	0.0116959064327485	0	0.00531914893617021	0.0289855072463768
C[C>A]C	0.02	0.0582922824302135	0.0026281208935611	0	0	0	0.0045045045045045	0.00531914893617021	0.0072463768115942
C[C>A]G	0	0.000821018062397373	0.00131406044678055	0	0.00350877192982456	0	0	0	0
C[C>A]T	0.00666666666666667	0.0201149425287356	0.00657030223390276	0.00757575757575758	0.00701754385964912	0.00584795321637427	0.0135135135135135	0.00531914893617021	0.0144927536231884
C[C>G]A	0.00666666666666667	0.00410509031198686	0.00131406044678055	0.00757575757575758	0.00350877192982456	0	0.018018018018018	0	0.0144927536231884
C[C>G]C	0.00666666666666667	0.0028735632183908	0	0	0	0	0.0045045045045045	0	0.0072463768115942
C[C>G]G	0	0.000821018062397373	0	0	0.00350877192982456	0	0	0	0
C[C>G]T	0.0133333333333333	0.0028735632183908	0	0.0151515151515152	0.00350877192982456	0	0	0.00531914893617021	0.0217391304347826
C[C>T]A	0.00666666666666667	0.00492610837438424	0.0131406044678055	0	0.0140350877192982	0.00584795321637427	0.00900900900900901	0.00531914893617021	0.0289855072463768
C[C>T]C	0.00666666666666667	0.00697865353037767	0.0354796320630749	0.0151515151515152	0.00350877192982456	0.00584795321637427	0.0225225225225225	0.0212765957446809	0
C[C>T]G	0.0133333333333333	0.00164203612479475	0.00919842312746386	0.00757575757575758	0.0280701754385965	0.0233918128654971	0.00900900900900901	0.0159574468085106	0.0072463768115942
C[C>T]T	0.0133333333333333	0.00656814449917898	0.0183968462549277	0	0.00701754385964912	0.00584795321637427	0.00900900900900901	0.0106382978723404	0.0072463768115942
C[T>A]A	0.0133333333333333	0.0201149425287356	0.0157687253613666	0.00757575757575758	0	0	0.0045045045045045	0.0106382978723404	0
C[T>A]C	0.00666666666666667	0.0147783251231527	0.0236530880420499	0.00757575757575758	0.0140350877192982	0.0116959064327485	0.00900900900900901	0.00531914893617021	0
C[T>A]G	0.00666666666666667	0.0205254515599343	0.0420499342969777	0	0.0105263157894737	0.00584795321637427	0	0.0159574468085106	0
C[T>A]T	0.00666666666666667	0.0160098522167488	0.0946123521681997	0.00757575757575758	0.0210526315789474	0.0116959064327485	0	0.0159574468085106	0.0289855072463768
C[T>C]A	0.0133333333333333	0.0028735632183908	0.00394218134034166	0	0.0105263157894737	0	0	0.00531914893617021	0.0217391304347826
C[T>C]C	0.00666666666666667	0.00574712643678161	0.00525624178712221	0	0.0105263157894737	0.00584795321637427	0.018018018018018	0.0159574468085106	0.0144927536231884
C[T>C]G	0.0266666666666667	0.00779967159277504	0.00525624178712221	0.0303030303030303	0.00701754385964912	0	0.0225225225225225	0.0106382978723404	0.0144927536231884
C[T>C]T	0.0333333333333333	0.00779967159277504	0.0157687253613666	0.0151515151515152	0.0350877192982456	0.0116959064327485	0.018018018018018	0.0106382978723404	0.0144927536231884
C[T>G]A	0	0.00451559934318555	0.011826544021025	0	0.00701754385964912	0	0	0	0.0072463768115942
C[T>G]C	0	0.00164203612479475	0.0026281208935611	0	0.00350877192982456	0	0	0	0
C[T>G]G	0	0.013136288998358	0.00657030223390276	0	0.00701754385964912	0.0233918128654971	0.0135135135135135	0.00531914893617021	0.0144927536231884
C[T>G]T	0.00666666666666667	0.0028735632183908	0.0210249671484888	0.0227272727272727	0.00350877192982456	0.0233918128654971	0.0135135135135135	0.00531914893617021	0.0072463768115942
G[C>A]A	0.0133333333333333	0.0127257799671593	0.00394218134034166	0.0151515151515152	0.0280701754385965	0.0116959064327485	0.018018018018018	0.0319148936170213	0.0289855072463768
G[C>A]C	0.00666666666666667	0.124384236453202	0.00131406044678055	0	0.00701754385964912	0	0.00900900900900901	0.0265957446808511	0.0144927536231884
G[C>A]G	0.00666666666666667	0.00205254515599343	0.00131406044678055	0	0	0.00584795321637427	0	0	0.0072463768115942
G[C>A]T	0.0466666666666667	0.028735632183908	0.00525624178712221	0.00757575757575758	0.0140350877192982	0.0175438596491228	0.0225225225225225	0.0159574468085106	0.0072463768115942
G[C>G]A	0.00666666666666667	0.00574712643678161	0.0026281208935611	0.00757575757575758	0.00701754385964912	0	0.0045045045045045	0.00531914893617021	0.0144927536231884
G[C>G]C	0	0.00862068965517241	0	0	0	0	0.0045045045045045	0	0
G[C>G]G	0	0.000410509031198686	0	0	0.00350877192982456	0	0	0	0
G[C>G]T	0.02	0.00205254515599343	0.00788436268068331	0.00757575757575758	0.00701754385964912	0.0175438596491228	0	0.00531914893617021	0.0144927536231884
G[C>T]A	0.0266666666666667	0.00697865353037767	0.00919842312746386	0.0151515151515152	0.0210526315789474	0.0233918128654971	0.027027027027027	0.0159574468085106	0.0217391304347826
G[C>T]C	0.00666666666666667	0.00697865353037767	0.0223390275952694	0.00757575757575758	0.0175438596491228	0.0175438596491228	0.0135135135135135	0.0106382978723404	0
G[C>T]G	0.00666666666666667	0.0028735632183908	0.00657030223390276	0	0.0385964912280702	0.0175438596491228	0.036036036036036	0.0265957446808511	0.0144927536231884
G[C>T]T	0.00666666666666667	0.00985221674876847	0.0197109067017083	0.0227272727272727	0.0280701754385965	0.0116959064327485	0.027027027027027	0.0106382978723404	0.0072463768115942
G[T>A]A	0	0.00164203612479475	0.0170827858081472	0.0151515151515152	0.00701754385964912	0.00584795321637427	0	0.00531914893617021	0.0072463768115942
G[T>A]C	0.00666666666666667	0.0160098522167488	0.00525624178712221	0	0.0105263157894737	0.00584795321637427	0.0045045045045045	0.00531914893617021	0.0072463768115942
G[T>A]G	0	0.00123152709359606	0.011826544021025	0.0151515151515152	0.00701754385964912	0.00584795321637427	0	0.00531914893617021	0
G[T>A]T	0.0133333333333333	0.00369458128078818	0.0275952693823916	0.00757575757575758	0.0175438596491228	0.00584795321637427	0	0.0106382978723404	0.0072463768115942
G[T>C]A	0.00666666666666667	0.00205254515599343	0.00525624178712221	0	0.0140350877192982	0.00584795321637427	0.0045045045045045	0.0106382978723404	0
G[T>C]C	0.0133333333333333	0.0028735632183908	0.00657030223390276	0.00757575757575758	0.0105263157894737	0.0175438596491228	0.0135135135135135	0.0159574468085106	0.0289855072463768
G[T>C]G	0.0133333333333333	0.000821018062397373	0.00394218134034166	0.00757575757575758	0.0140350877192982	0.0233918128654971	0.0135135135135135	0.0106382978723404	0.0072463768115942
G[T>C]T	0.02	0.00328407224958949	0.0210249671484888	0.0227272727272727	0.0105263157894737	0.0233918128654971	0.0315315315315315	0.0212765957446809	0.0144927536231884
G[T>G]A	0.0133333333333333	0	0.0026281208935611	0	0.00350877192982456	0	0.0045045045045045	0	0
G[T>G]C	0	0.00164203612479475	0.00131406044678055	0	0.00350877192982456	0	0	0	0.0072463768115942
G[T>G]G	0	0.00533661740558292	0.00131406044678055	0	0.00350877192982456	0.00584795321637427	0.0045045045045045	0	0
G[T>G]T	0	0.00246305418719212	0.0026281208935611	0.00757575757575758	0.00701754385964912	0.0116959064327485	0.00900900900900901	0.0106382978723404	0.0072463768115942
T[C>A]A	0.02	0.0090311986863711	0.00919842312746386	0.0454545454545455	0.0245614035087719	0.0409356725146199	0.027027027027027	0.0425531914893617	0.0289855072463768
T[C>A]C	0.0266666666666667	0.125615763546798	0.00394218134034166	0.00757575757575758	0.0175438596491228	0.00584795321637427	0.0225225225225225	0.00531914893617021	0
T[C>A]G	0	0.000821018062397373	0	0.00757575757575758	0.00350877192982456	0	0	0	0
T[C>A]T	0.04	0.041871921182266	0.0131406044678055	0.053030303030303	0.0280701754385965	0.0175438596491228	0.0315315315315315	0.0425531914893617	0.0217391304347826
T[C>G]A	0	0.00369458128078818	0.00131406044678055	0.00757575757575758	0.00350877192982456	0.0233918128654971	0.0045045045045045	0.0106382978723404	0
T[C>G]C	0	0.00410509031198686	0.00657030223390276	0.00757575757575758	0	0.0292397660818713	0.0045045045045045	0	0.0144927536231884
T[C>G]G	0	0.00164203612479475	0	0.00757575757575758	0	0	0	0	0
T[C>G]T	0.0133333333333333	0.00697865353037767	0.00394218134034166	0.00757575757575758	0.0105263157894737	0	0.0135135135135135	0.0212765957446809	0.0217391304347826
T[C>T]A	0	0.00451559934318555	0.00788436268068331	0.0227272727272727	0.00350877192982456	0.0175438596491228	0.0135135135135135	0.0265957446808511	0
T[C>T]C	0.02	0.0106732348111658	0.0170827858081472	0.0303030303030303	0.0105263157894737	0.00584795321637427	0	0.0106382978723404	0.0217391304347826
T[C>T]G	0.02	0.00246305418719212	0.00525624178712221	0.0303030303030303	0.0140350877192982	0.0116959064327485	0.00900900900900901	0.0372340425531915	0.0217391304347826
T[C>T]T	0.0133333333333333	0.0127257799671593	0.026281208935611	0.00757575757575758	0.00701754385964912	0.0233918128654971	0.018018018018018	0.00531914893617021	0.0144927536231884
T[T>A]A	0	0.0061576354679803	0.0289093298291721	0.0303030303030303	0.00701754385964912	0.00584795321637427	0.0135135135135135	0.0159574468085106	0.0289855072463768
T[T>A]C	0.00666666666666667	0.0135467980295567	0.00919842312746386	0.00757575757575758	0.00701754385964912	0.00584795321637427	0.0045045045045045	0	0.0144927536231884
T[T>A]G	0.00666666666666667	0.00492610837438424	0.0183968462549277	0.0151515151515152	0.00350877192982456	0	0	0.00531914893617021	0
T[T>A]T	0.00666666666666667	0.00492610837438424	0.0578186596583443	0.0151515151515152	0.0105263157894737	0.00584795321637427	0.0045045045045045	0.0106382978723404	0.0072463768115942
T[T>C]A	0.0133333333333333	0.00164203612479475	0.00394218134034166	0.00757575757575758	0	0.0175438596491228	0.0135135135135135	0.00531914893617021	0.0072463768115942
T[T>C]C	0	0.00369458128078818	0.0026281208935611	0.0227272727272727	0.00701754385964912	0.00584795321637427	0.018018018018018	0.00531914893617021	0.0217391304347826
T[T>C]G	0.00666666666666667	0.00205254515599343	0.00525624178712221	0.00757575757575758	0	0.0292397660818713	0	0.00531914893617021	0
T[T>C]T	0.00666666666666667	0.00328407224958949	0.0170827858081472	0.0378787878787879	0.0280701754385965	0.0116959064327485	0.0315315315315315	0.0265957446808511	0
T[T>G]A	0.00666666666666667	0.00123152709359606	0.00525624178712221	0	0.0175438596491228	0.0116959064327485	0.00900900900900901	0.00531914893617021	0.0144927536231884
T[T>G]C	0.00666666666666667	0.000410509031198686	0.00657030223390276	0.00757575757575758	0	0.0175438596491228	0.0045045045045045	0	0
T[T>G]G	0	0.00533661740558292	0.00131406044678055	0.00757575757575758	0.00701754385964912	0.00584795321637427	0.0045045045045045	0	0.0072463768115942
T[T>G]T	0.0333333333333333	0.00246305418719212	0.011826544021025	0.0151515151515152	0.0105263157894737	0.0175438596491228	0.018018018018018	0.0106382978723404	0.0072463768115942
